grl-sup-YiLi.grd
DSAA
100 93
2.38 37705.16001
0.4099999999 35126.28
-16.225916063273 14.426127849246
[rows 26 to 51 of 93, columns 0 to 59 of 100]
-7.449486 -7.425548 -7.408443 -7.40004 -7.400904 -7.408267 -7.418945 -7.432708 -7.449569 -7.465462 -7.474382 -7.469031 -7.440174 -7.372971 -7.246174 -7.040952 -6.728556 -6.294529 -5.751673 -5.114008 -4.404745 -3.651521 -2.893108 -2.159763 -1.479855 -0.8729457 -0.3589757 0.06466822 0.4160659 0.7254295 1.039329 1.416677 1.862696 2.377682 2.982938 3.675199 4.412731 5.140043 5.728699 6.25082 6.701867 7.081107 7.396701 7.655393 7.82795 7.92706 7.952042 7.869802 7.752297 7.591835 7.382296 7.105651 6.774831 6.42612 6.093418 5.759996 5.421871 5.065754 4.682975 4.285633
-7.598773 -7.564697 -7.533137 -7.506516 -7.48856 -7.478716 -7.477291 -7.485167 -7.502618 -7.525918 -7.548066 -7.5627 -7.561435 -7.52926 -7.447932 -7.298529 -7.052525 -6.698542 -6.234766 -5.667963 -5.008452 -4.27003 -3.487017 -2.694883 -1.937119 -1.257765 -0.6864067 -0.2352623 0.1169709 0.4039229 0.6804428 0.9994929 1.398551 1.894257 2.469531 3.107253 3.82161 4.560393 5.164204 5.70675 6.196908 6.629831 7.006558 7.322841 7.571784 7.746538 7.833061 7.808518 7.726493 7.594255 7.403418 7.146031 6.830135 6.493687 6.169931 5.844779 5.501364 5.128359 4.722371 4.291952
-7.762986 -7.718152 -7.67071 -7.625141 -7.587297 -7.558043 -7.541347 -7.538865 -7.552678 -7.57949 -7.610641 -7.639682 -7.658652 -7.654526 -7.609127 -7.506565 -7.322416 -7.039178 -6.652316 -6.158468 -5.558865 -4.852027 -4.063975 -3.232724 -2.411634 -1.660878 -1.034744 -0.5519502 -0.1925021 0.07857951 0.324203 0.6018433 0.9568809 1.413357 1.959644 2.564311 3.232837 3.918132 4.544841 5.107413 5.620577 6.084385 6.492563 6.854616 7.165802 7.415864 7.597825 7.690633 7.659929 7.548362 7.371889 7.153439 6.870711 6.561287 6.260758 5.960025 5.626732 5.249168 4.829994 4.368774
-7.9411 -7.885363 -7.822802 -7.760033 -7.701588 -7.65325 -7.620061 -7.603769 -7.610324 -7.6366 -7.671701 -7.708405 -7.739019 -7.755012 -7.735517 -7.667956 -7.533441 -7.31294 -6.994123 -6.569726 -6.034274 -5.374337 -4.60194 -3.755806 -2.892573 -2.088303 -1.415441 -0.897054 -0.5320611 -0.2800468 -0.05442286 0.1938115 0.509858 0.927609 1.443519 2.021932 2.652654 3.304448 3.914865 4.482929 5.004943 5.481479 5.911783 6.306697 6.66179 6.972508 7.227642 7.409263 7.489492 7.47329 7.352666 7.154428 6.906852 6.624499 6.320856 6.06544 5.75575 5.392486 4.976309 4.494428
-8.131318 -8.06747 -7.992269 -7.914264 -7.839394 -7.773452 -7.722252 -7.692249 -7.68808 -7.706661 -7.739814 -7.77725 -7.811921 -7.834888 -7.83378 -7.792055 -7.693084 -7.519604 -7.256721 -6.89095 -6.41356 -5.809967 -5.072195 -4.234686 -3.358446 -2.526746 -1.821077 -1.278637 -0.9045569 -0.65707 -0.4481603 -0.2293419 0.05308248 0.4355704 0.9182745 1.471592 2.070769 2.686245 3.28997 3.856518 4.382356 4.86863 5.318865 5.736666 6.124149 6.479719 6.79337 7.045544 7.211654 7.279812 7.246643 7.115598 6.911453 6.662678 6.404606 6.150249 5.862498 5.521708 5.113854 4.625035
-8.328253 -8.259909 -8.175656 -8.086917 -7.999226 -7.919973 -7.854966 -7.810465 -7.791563 -7.797197 -7.820196 -7.851919 -7.885043 -7.910807 -7.91932 -7.89431 -7.818766 -7.675767 -7.451222 -7.129647 -6.700297 -6.147841 -5.447584 -4.637594 -3.775761 -2.942806 -2.228676 -1.685339 -1.307491 -1.052129 -0.8619315 -0.6713375 -0.4214927 -0.07477852 0.3765377 0.90634 1.484098 2.080929 2.673782 3.238852 3.769302 4.262987 4.728 5.167694 5.583764 5.976567 6.332889 6.638165 6.873784 7.022837 7.07401 7.028903 6.885443 6.680163 6.455263 6.215479 5.940341 5.604775 5.197146 4.720257
-8.524 -8.454789 -8.366233 -8.272689 -8.178612 -8.091251 -8.015624 -7.956112 -7.919726 -7.906421 -7.913176 -7.934435 -7.962794 -7.988893 -8.003445 -7.988624 -7.926586 -7.800408 -7.595375 -7.302112 -6.906598 -6.396307 -5.737431 -4.963492 -4.129879 -3.314964 -2.610739 -2.086526 -1.716421 -1.458772 -1.293353 -1.135198 -0.9199646 -0.6082681 -0.1856297 0.3230126 0.8875448 1.475947 2.061041 2.628869 3.164426 3.666878 4.148422 4.607437 5.049555 5.468398 5.860664 6.210683 6.504708 6.726529 6.862015 6.903287 6.84022 6.691633 6.493665 6.262707 5.98224 5.637487 5.22713 4.754314
-8.714023 -8.642657 -8.554129 -8.462032 -8.367211 -8.276848 -8.193054 -8.120226 -8.063614 -8.028077 -8.01472 -8.022646 -8.044642 -8.073057 -8.091815 -8.082381 -8.025929 -7.904673 -7.707612 -7.427 -7.052276 -6.569035 -5.946047 -5.210928 -4.419417 -3.639655 -2.9595 -2.46121 -2.103058 -1.86817 -1.733344 -1.610207 -1.43332 -1.159573 -0.7680478 -0.280212 0.2730819 0.8600597 1.447217 2.018288 2.561052 3.074683 3.570025 4.049204 4.512914 4.958679 5.385718 5.778765 6.124738 6.411154 6.628447 6.758248 6.785542 6.706889 6.53654 6.301161 5.998598 5.62739 5.195745 4.718059
-8.880047 -8.813586 -8.728499 -8.642063 -8.55311 -8.463691 -8.375047 -8.290265 -8.214749 -8.155496 -8.120244 -8.112713 -8.128329 -8.15747 -8.180124 -8.17461 -8.118959 -7.998774 -7.804653 -7.528341 -7.161728 -6.694823 -6.102425 -5.409212 -4.660126 -3.924181 -3.299465 -2.801436 -2.456165 -2.263607 -2.163146 -2.079297 -1.94788 -1.717142 -1.361299 -0.8983927 -0.356129 0.2285025 0.8199253 1.395581 1.948381 2.478135 2.990578 3.490016 3.979945 4.451578 4.914045 5.347487 5.744805 6.089836 6.378133 6.592066 6.703743 6.698184 6.571666 6.324221 5.989438 5.578354 5.10997 4.613008
-9.027774 -8.962156 -8.881844 -8.803556 -8.723976 -8.640105 -8.550694 -8.457672 -8.365587 -8.284539 -8.227502 -8.202183 -8.208492 -8.235126 -8.260048 -8.257891 -8.205042 -8.085603 -7.893928 -7.624073 -7.268909 -6.812281 -6.242651 -5.585627 -4.878745 -4.189119 -3.599284 -3.134152 -2.816246 -2.643614 -2.567366 -2.519058 -2.428651 -2.239304 -1.924051 -1.497719 -0.9813789 -0.4079553 0.1858248 0.7691936 1.33146 1.873923 2.404965 2.935269 3.453731 3.957403 4.452458 4.923078 5.366874 5.771565 6.128604 6.413966 6.593316 6.648055 6.552489 6.312989 5.953868 5.498341 4.980714 4.455489
-9.157032 -9.088894 -9.012491 -8.942838 -8.873983 -8.798711 -8.712811 -8.616216 -8.512051 -8.412756 -8.335152 -8.290772 -8.283479 -8.302705 -8.325736 -8.325373 -8.275187 -8.160641 -7.975316 -7.716728 -7.375572 -6.931928 -6.388697 -5.764901 -5.095103 -4.433382 -3.875131 -3.438841 -3.148977 -2.997252 -2.945754 -2.932097 -2.883133 -2.740922 -2.47295 -2.082324 -1.593748 -1.035972 -0.441725 0.1470464 0.718608 1.274626 1.825886 2.383187 2.93545 3.475689 4.000191 4.508838 4.989554 5.43871 5.84384 6.175828 6.401215 6.50923 6.467052 6.237859 5.854723 5.361223 4.805882 4.259055
-9.268249 -9.198523 -9.123405 -9.06022 -9.002742 -8.93726 -8.858127 -8.762725 -8.651607 -8.537584 -8.441329 -8.376227 -8.350354 -8.35686 -8.372264 -8.371374 -8.325738 -8.220747 -8.046679 -7.805303 -7.485431 -7.064355 -6.550347 -5.960524 -5.328457 -4.700559 -4.156344 -3.724718 -3.451382 -3.317136 -3.301495 -3.321824 -3.319049 -3.232882 -3.014154 -2.648158 -2.188329 -1.64273 -1.054752 -0.4631025 0.1193269 0.6929132 1.262663 1.84719 2.427706 3.000978 3.560654 4.098911 4.611605 5.090172 5.516833 5.866339 6.123606 6.265916 6.285264 6.062397 5.668457 5.154282 4.585587 4.025725
-9.368916 -9.297179 -9.221247 -9.159818 -9.107811 -9.052391 -8.982048 -8.891818 -8.780119 -8.65762 -8.546337 -8.462866 -8.415728 -8.401838 -8.40334 -8.395275 -8.352087 -8.259479 -8.105254 -7.886973 -7.594113 -7.205837 -6.724427 -6.177297 -5.588481 -4.999405 -4.473363 -4.059309 -3.784525 -3.654836 -3.638515 -3.67007 -3.685072 -3.623953 -3.44926 -3.143739 -2.722019 -2.210266 -1.639329 -1.048338 -0.4539309 0.1384012 0.7310215 1.3329 1.931933 2.525607 3.121733 3.69373 4.232708 4.735047 5.17862 5.545835 5.812004 5.935155 5.945468 5.797961 5.401853 4.87984 4.310713 3.766073
-9.472918 -9.392384 -9.310054 -9.244588 -9.192557 -9.142155 -9.079992 -8.997227 -8.889057 -8.766656 -8.648477 -8.550187 -8.481358 -8.443304 -8.424517 -8.405432 -8.363719 -8.282796 -8.151327 -7.96196 -7.70216 -7.355221 -6.918284 -6.418761 -5.873883 -5.325054 -4.823677 -4.41847 -4.142456 -4.002072 -3.971508 -3.993711 -4.009629 -3.963993 -3.818623 -3.560865 -3.18712 -2.714879 -2.170731 -1.58802 -0.9878242 -0.3799641 0.2339883 0.8548344 1.475057 2.094276 2.711813 3.306438 3.865938 4.383621 4.847778 5.230261 5.497085 5.618295 5.576468 5.396692 5.042175 4.551573 3.995838 3.479745
-9.57644 -9.486093 -9.39183 -9.315454 -9.256035 -9.204811 -9.146938 -9.072205 -8.973689 -8.858845 -8.741368 -8.634488 -8.548271 -8.487151 -8.445407 -8.41198 -8.368665 -8.29791 -8.187267 -8.027159 -7.804027 -7.498058 -7.115174 -6.66997 -6.178202 -5.672935 -5.202266 -4.806999 -4.523332 -4.366891 -4.312736 -4.313599 -4.315379 -4.270353 -4.146331 -3.917386 -3.583713 -3.151277 -2.638756 -2.070316 -1.473193 -0.8566438 -0.2266529 0.4138995 1.056863 1.69591 2.325266 2.930792 3.501439 4.031539 4.515082 4.918994 5.192906 5.291629 5.197208 4.973809 4.624457 4.166747 3.65885 3.183284
-9.688572 -9.578421 -9.466347 -9.372864 -9.298746 -9.23963 -9.180654 -9.113176 -9.026984 -8.92525 -8.816896 -8.710636 -8.612932 -8.531922 -8.469944 -8.422277 -8.373781 -8.310409 -8.216413 -8.082694 -7.898043 -7.644198 -7.306466 -6.918722 -6.493427 -6.039597 -5.602961 -5.227512 -4.940046 -4.757113 -4.678051 -4.647768 -4.623502 -4.563128 -4.436476 -4.22117 -3.916877 -3.519693 -3.032807 -2.4885 -1.901964 -1.285936 -0.6464947 0.01068757 0.6721046 1.326013 1.958588 2.572214 3.143365 3.675044 4.16739 4.580934 4.852265 4.937935 4.80657 4.549681 4.187121 3.748588 3.29285 2.875731
-9.800545 -9.670957 -9.537072 -9.421265 -9.324683 -9.247674 -9.181066 -9.114256 -9.04124 -8.95753 -8.865607 -8.769073 -8.671174 -8.577544 -8.500265 -8.439459 -8.384825 -8.325711 -8.243548 -8.132188 -7.982264 -7.773194 -7.494185 -7.170947 -6.812187 -6.421647 -6.033822 -5.681799 -5.398138 -5.200751 -5.092212 -5.021205 -4.959434 -4.865824 -4.717699 -4.498405 -4.199956 -3.822705 -3.365105 -2.842168 -2.270505 -1.661697 -1.018028 -0.3541579 0.3171112 0.981631 1.623533 2.22887 2.796771 3.320591 3.785817 4.161069 4.402436 4.475473 4.375077 4.113406 3.74194 3.314526 2.891399 2.540614
-9.907585 -9.762724 -9.603364 -9.46124 -9.337071 -9.235307 -9.151919 -9.080486 -9.014839 -8.948504 -8.876952 -8.796738 -8.707597 -8.614 -8.529303 -8.459319 -8.401151 -8.344441 -8.272934 -8.181545 -8.061366 -7.894476 -7.677541 -7.422693 -7.134706 -6.815467 -6.486313 -6.173764 -5.904867 -5.698932 -5.56167 -5.45327 -5.343206 -5.202875 -5.013882 -4.767027 -4.454969 -4.077214 -3.632353 -3.126856 -2.572013 -1.973462 -1.338575 -0.6798602 -0.01059415 0.6534928 1.294062 1.887344 2.439037 2.939236 3.366074 3.699343 3.903643 3.959968 3.860526 3.614345 3.266925 2.873858 2.499128 2.193069
-10.01073 -9.849609 -9.66612 -9.495286 -9.340698 -9.209218 -9.102037 -9.018053 -8.952093 -8.897126 -8.844214 -8.783248 -8.707665 -8.62177 -8.539551 -8.46934 -8.412644 -8.362786 -8.305763 -8.235807 -8.143804 -8.017445 -7.856398 -7.667849 -7.453017 -7.209093 -6.948659 -6.689534 -6.451115 -6.254344 -6.091231 -5.944087 -5.783185 -5.585876 -5.339269 -5.041963 -4.695163 -4.300492 -3.853956 -3.357133 -2.814721 -2.23065 -1.613798 -0.9722213 -0.3193421 0.3293324 0.9551193 1.529029 2.056498 2.523485 2.906739 3.195581 3.365791 3.404876 3.303884 3.07957 2.773359 2.435534 2.118996 1.863907
-10.1101 -9.931494 -9.725614 -9.527045 -9.340495 -9.178 -9.042756 -8.939046 -8.864246 -8.813796 -8.771247 -8.725036 -8.66277 -8.587556 -8.513758 -8.45152 -8.404855 -8.369498 -8.332939 -8.289777 -8.22506 -8.136113 -8.023582 -7.894788 -7.751205 -7.589065 -7.401587 -7.208036 -7.01704 -6.837466 -6.667907 -6.487222 -6.273152 -6.008817 -5.692356 -5.327894 -4.926991 -4.496576 -4.032687 -3.535845 -3.001682 -2.437206 -1.845113 -1.234464 -0.6156537 0.0002912825 0.6004219 1.141852 1.638444 2.072712 2.414482 2.659476 2.802867 2.836401 2.750541 2.558031 2.298548 2.021155 1.768054 1.575862
-10.21104 -10.00967 -9.779135 -9.555949 -9.341626 -9.149391 -8.988702 -8.862041 -8.769606 -8.713655 -8.669083 -8.623361 -8.567944 -8.501617 -8.439694 -8.39276 -8.364563 -8.348783 -8.337788 -8.324359 -8.289362 -8.238108 -8.170504 -8.094885 -8.013038 -7.923204 -7.819523 -7.700841 -7.570764 -7.42723 -7.262331 -7.055366 -6.790772 -6.457044 -6.059476 -5.619722 -5.153677 -4.672583 -4.179267 -3.668062 -3.138637 -2.596095 -2.038724 -1.47282 -0.903348 -0.3368058 0.2143912 0.730914 1.192596 1.592678 1.922919 2.120329 2.243596 2.279835 2.218475 2.070855 1.868077 1.650023 1.459967 1.320419
-10.28934 -10.07551 -9.824464 -9.580393 -9.344446 -9.130515 -8.949624 -8.804853 -8.695537 -8.615231 -8.550299 -8.488844 -8.424321 -8.362091 -8.312463 -8.283432 -8.276866 -8.289011 -8.314985 -8.325754 -8.324066 -8.311667 -8.285957 -8.256472 -8.229306 -8.204073 -8.176683 -8.132957 -8.069342 -7.973132 -7.827294 -7.606325 -7.297624 -6.901589 -6.428925 -5.909862 -5.370659 -4.829924 -4.293124 -3.760029 -3.231286 -2.709877 -2.19768 -1.688243 -1.18033 -0.6760737 -0.1815988 0.2890345 0.7177802 1.094377 1.402494 1.595952 1.715638 1.765139 1.735431 1.635158 1.48888 1.329781 1.193196 1.090292
-10.35079 -10.12817 -9.860289 -9.599859 -9.34989 -9.122199 -8.926005 -8.762169 -8.628233 -8.51777 -8.419672 -8.328477 -8.244606 -8.177102 -8.134059 -8.121724 -8.139368 -8.181618 -8.24001 -8.289502 -8.328198 -8.352514 -8.364873 -8.375881 -8.395317 -8.426083 -8.459434 -8.482651 -8.481996 -8.433738 -8.31245 -8.091918 -7.759917 -7.316505 -6.778461 -6.186163 -5.573873 -4.968689 -4.383169 -3.823676 -3.294779 -2.797377 -2.331066 -1.883376 -1.443506 -1.00812 -0.5772333 -0.1593791 0.2341501 0.5893209 0.8860393 1.091934 1.229845 1.303228 1.308293 1.253605 1.159769 1.052387 0.9554785 0.881613
-10.39613 -10.15949 -9.880198 -9.610001 -9.352072 -9.117398 -8.910165 -8.72743 -8.56582 -8.417363 -8.276802 -8.146208 -8.033843 -7.952646 -7.912178 -7.914838 -7.956405 -8.027398 -8.117875 -8.211398 -8.296443 -8.357458 -8.405043 -8.45165 -8.508053 -8.580645 -8.660747 -8.735713 -8.787389 -8.789517 -8.691975 -8.482622 -8.144991 -7.669688 -7.08016 -6.428671 -5.753909 -5.086873 -4.454796 -3.870868 -3.343037 -2.871382 -2.451836 -2.064534 -1.693498 -1.329809 -0.9658005 -0.6012098 -0.2442573 0.0908249 0.380921 0.6141446 0.7842804 0.8890401 0.9305525 0.9193728 0.8725474 0.8095096 0.7471768 0.6903296
-10.41851 -10.17181 -9.882512 -9.605449 -9.342952 -9.105231 -8.88941 -8.690449 -8.499412 -8.310098 -8.12282 -7.947731 -7.800083 -7.700506 -7.658838 -7.673436 -7.73602 -7.837124 -7.967554 -8.100171 -8.225519 -8.327637 -8.408646 -8.486861 -8.573618 -8.672454 -8.784277 -8.892793 -8.980188 -9.009976 -8.950266 -8.760646 -8.425049 -7.943513 -7.311971 -6.624661 -5.905708 -5.185812 -4.513957 -3.91584 -3.391209 -2.949239 -2.572517 -2.241734 -1.93488 -1.639088 -1.342752 -1.034046 -0.7147489 -0.395544 -0.09449466 0.1635727 0.3667252 0.5067166 0.5878875 0.6185656 0.6142804 0.5880223 0.5495114 0.506617
-10.41117 -10.16402 -9.864455 -9.581907 -9.318156 -9.077836 -8.854893 -8.640413 -8.422867 -8.196168 -7.965452 -7.746241 -7.563781 -7.44021 -7.389868 -7.412535 -7.495321 -7.627982 -7.788928 -7.961186 -8.125871 -8.266827 -8.383181 -8.489525 -8.598574 -8.716637 -8.843909 -8.971692 -9.078596 -9.129862 -9.092064 -8.924001 -8.603233 -8.098511 -7.477278 -6.777622 -6.032215 -5.280745 -4.584137 -3.975863 -3.465297 -3.049149 -2.711326 -2.429014 -2.177696 -1.941877 -1.706343 -1.454124 -1.176505 -0.8753713 -0.5704688 -0.285094 -0.04586951 0.133074 0.2563531 0.3298666 0.3679555 0.3765313 0.3609159 0.3286882
