grl-sup-YiLi.grd
DSAA
100 93
2.38 37705.16001
0.4099999999 35126.28
-16.225916063273 14.426127849246
[rows 0 to 25 of 93, columns 0 to 59 of 100]
0.5269012 1.080324 1.746772 2.467858 3.167703 3.836493 4.421299 4.868089 5.23869 5.454341 5.597331 5.734872 5.864016 5.998999 6.129583 6.329968 6.590819 6.893542 7.210644 7.50911 7.769336 7.965278 8.175787 8.361853 8.498595 8.543928 8.47629 8.333054 8.178322 8.095459 8.021842 8.021605 8.117449 8.313752 8.556844 8.904574 9.332733 9.804263 10.28914 10.69101 11.16449 11.67294 12.14553 12.58393 13.0805 13.57042 13.92275 14.10968 14.30379 14.42613 14.39138 14.26107 14.01528 13.70934 13.35119 12.87207 12.26695 11.61589 10.97295 10.33962
0.02387986 0.5699222 1.199499 1.854727 2.514567 3.141424 3.702598 4.159232 4.510893 4.771825 4.97563 5.168367 5.353689 5.531554 5.743059 6.037577 6.381046 6.762529 7.160629 7.513734 7.795609 8.045737 8.308341 8.525697 8.678993 8.751213 8.643032 8.467813 8.311044 8.209555 8.131083 8.059238 8.050771 8.152712 8.376547 8.701438 9.087999 9.516079 9.945521 10.41533 10.92036 11.42174 11.87728 12.33012 12.8473 13.34961 13.69687 13.93296 14.16761 14.31027 14.27242 14.13813 13.92289 13.62042 13.22245 12.7323 12.12101 11.45154 10.77531 10.12878
-0.4400696 0.06722457 0.624511 1.186196 1.742356 2.279326 2.782195 3.229224 3.590958 3.911642 4.199235 4.478073 4.748167 5.003791 5.312233 5.700857 6.130875 6.600985 7.086609 7.501472 7.839004 8.173305 8.480159 8.722162 8.885612 8.94932 8.813922 8.648039 8.510319 8.395529 8.275336 8.125815 8.033426 8.082519 8.28883 8.577425 8.917375 9.302721 9.709914 10.17041 10.64942 11.11115 11.55425 12.01298 12.53163 13.02465 13.35022 13.64207 13.90418 14.06252 14.04555 13.92847 13.71512 13.38608 12.9326 12.40229 11.8244 11.1967 10.53915 9.921919
-0.9062919 -0.4320837 0.07086878 0.5660297 1.04096 1.498582 1.93608 2.342204 2.712135 3.06597 3.411891 3.763464 4.12477 4.45428 4.853476 5.318548 5.831201 6.382878 6.954093 7.441156 7.876364 8.324306 8.678115 8.945074 9.110789 9.119295 9.018731 8.887642 8.757049 8.623188 8.446321 8.234171 8.096685 8.166441 8.344597 8.600374 8.90106 9.237753 9.596725 9.98941 10.40205 10.81835 11.24741 11.69723 12.22288 12.74212 13.14199 13.39228 13.63376 13.78197 13.80164 13.69914 13.4218 13.01586 12.5664 12.01272 11.46532 10.87723 10.26959 9.705739
-1.383373 -0.9584077 -0.490474 -0.03387336 0.3826362 0.7756939 1.160836 1.527871 1.887052 2.248547 2.617251 3.00599 3.424304 3.862091 4.327345 4.863767 5.453161 6.082021 6.718759 7.300242 7.831069 8.43752 8.883018 9.167728 9.27958 9.31907 9.259242 9.131567 8.992628 8.880781 8.747291 8.54102 8.394338 8.386217 8.52836 8.743879 8.977844 9.225749 9.518801 9.843705 10.1944 10.56432 10.95202 11.3863 11.92187 12.47869 12.91164 13.21772 13.41633 13.50885 13.49166 13.36417 13.04151 12.61334 12.13721 11.74427 11.19696 10.61474 10.02353 9.463909
-1.92376 -1.517556 -1.070599 -0.6478144 -0.265193 0.0905214 0.4339803 0.769961 1.108428 1.459057 1.830393 2.233589 2.677851 3.169732 3.696634 4.305352 4.980981 5.659129 6.393046 7.098715 7.766333 8.411823 8.960889 9.292022 9.406256 9.482449 9.417583 9.331599 9.241444 9.131383 9.045957 8.903912 8.79391 8.794378 8.874335 8.987062 9.101027 9.241409 9.435134 9.693233 9.992115 10.3182 10.66774 11.0852 11.61865 12.18955 12.65263 12.96513 13.15733 13.24612 13.20056 12.89582 12.55574 12.23883 11.86595 11.42305 10.88843 10.31294 9.738809 9.222196
-2.537504 -2.145073 -1.714605 -1.3134 -0.9427451 -0.6043345 -0.2818248 0.03526047 0.3574144 0.6956476 1.060868 1.464969 1.918014 2.435714 3.008697 3.671137 4.404612 5.155972 5.960505 6.758852 7.514788 8.190663 8.800334 9.244712 9.464247 9.562425 9.576885 9.550934 9.49917 9.411872 9.339934 9.235879 9.149225 9.12911 9.143929 9.127331 9.125397 9.205577 9.339985 9.530771 9.779878 10.07616 10.40407 10.80284 11.29838 11.85616 12.36581 12.6813 12.8521 12.89887 12.78553 12.49701 12.2111 11.93867 11.57669 11.10995 10.58184 10.01671 9.454003 8.963186
-3.208914 -2.842142 -2.431088 -2.035922 -1.669324 -1.335247 -1.017399 -0.7036474 -0.3862835 -0.05254945 0.3097447 0.7125467 1.165892 1.692134 2.300333 2.986601 3.744635 4.555131 5.391888 6.245579 7.089246 7.799354 8.480058 9.073515 9.418705 9.544921 9.698889 9.73139 9.711402 9.657434 9.571127 9.462168 9.349926 9.265097 9.179407 9.081201 9.02335 9.062363 9.162586 9.303825 9.521342 9.806873 10.1361 10.51873 10.9608 11.47463 12.02911 12.36252 12.52335 12.51815 12.33921 12.17945 11.96063 11.68154 11.27164 10.82026 10.31812 9.765745 9.198592 8.712618
-3.889015 -3.56179 -3.177947 -2.803721 -2.445622 -2.109936 -1.78709 -1.46663 -1.140546 -0.7995828 -0.4300415 -0.02260293 0.4337801 0.9589604 1.565277 2.249993 3.007562 3.826294 4.6871 5.576787 6.468522 7.329827 8.081034 8.762484 9.176881 9.440141 9.636176 9.755879 9.809487 9.754276 9.620008 9.535233 9.387279 9.149001 9.050889 8.937425 8.828187 8.746236 8.830746 8.978578 9.191194 9.478743 9.778826 10.17145 10.60142 11.08236 11.60122 12.01856 12.19469 12.19356 12.05241 11.95843 11.70052 11.37529 11.03161 10.60013 10.10633 9.556271 8.999067 8.496608
-4.529054 -4.251136 -3.904346 -3.562334 -3.224838 -2.895581 -2.570867 -2.244043 -1.905809 -1.54937 -1.167372 -0.7494643 -0.2854006 0.2366558 0.8285308 1.495302 2.237181 3.047003 3.913208 4.823081 5.756241 6.676967 7.530235 8.272931 8.83513 9.214466 9.494953 9.686769 9.791842 9.818315 9.797985 9.566219 9.296665 9.012786 8.763134 8.584165 8.45984 8.425019 8.494061 8.638012 8.838864 9.097822 9.413016 9.80194 10.24581 10.73822 11.2312 11.65047 11.83184 11.85042 11.8171 11.6499 11.3932 11.10896 10.83561 10.46096 9.957193 9.397945 8.846585 8.326752
-5.090472 -4.866633 -4.567257 -4.265215 -3.95828 -3.643529 -3.325152 -2.999162 -2.656195 -2.294521 -1.903174 -1.475265 -1.004846 -0.4848491 0.09318285 0.7364738 1.451712 2.243426 3.106103 4.031219 4.996715 5.970908 6.902107 7.733375 8.410369 8.909422 9.287301 9.550699 9.707188 9.780072 9.756591 9.537343 9.202133 8.847221 8.528911 8.287571 8.148543 8.125716 8.184768 8.302858 8.47876 8.729151 9.062394 9.47047 9.947908 10.46793 10.96329 11.3417 11.51538 11.54025 11.48755 11.29302 11.08393 10.88087 10.63957 10.25518 9.777851 9.252635 8.716105 8.195712
-5.568105 -5.385799 -5.132618 -4.8744 -4.61086 -4.318664 -4.017816 -3.704252 -3.36898 -3.013919 -2.620586 -2.191007 -1.719733 -1.204429 -0.6410636 -0.01837848 0.6695911 1.441817 2.301323 3.241246 4.236824 5.259481 6.254086 7.156604 7.919941 8.533344 8.994557 9.327989 9.537579 9.639228 9.648425 9.474988 9.144305 8.731906 8.365163 8.066896 7.885031 7.836203 7.878276 7.966095 8.125029 8.385163 8.745804 9.188988 9.709673 10.26192 10.76803 11.10985 11.25459 11.24426 11.09754 10.91383 10.74819 10.58643 10.32737 9.948832 9.549434 9.094125 8.584376 8.076188
-5.951897 -5.803306 -5.592971 -5.374912 -5.145234 -4.902113 -4.632892 -4.342013 -4.02636 -3.678914 -3.299943 -2.881278 -2.419257 -1.912404 -1.361538 -0.7502674 -0.07104918 0.6724244 1.530511 2.478136 3.500214 4.56888 5.623867 6.587323 7.415161 8.083399 8.600121 8.984719 9.249547 9.408108 9.442568 9.357028 9.103927 8.691044 8.258695 7.88512 7.633595 7.535329 7.558356 7.638498 7.802596 8.072786 8.48046 8.960485 9.511619 10.0848 10.59622 10.8738 10.95246 10.88249 10.73382 10.54735 10.32895 10.10249 9.874771 9.645208 9.316336 8.907056 8.431689 7.927182
-6.265995 -6.147472 -5.97463 -5.794657 -5.602077 -5.388856 -5.15496 -4.894375 -4.606226 -4.288391 -3.933776 -3.535601 -3.090103 -2.594941 -2.05415 -1.446462 -0.7708474 -0.0317239 0.8239858 1.754631 2.767439 3.906808 5.018362 6.030876 6.895509 7.600615 8.150644 8.568629 8.876013 9.076206 9.161932 9.130679 8.948831 8.625317 8.265778 7.803447 7.440158 7.291181 7.283022 7.381868 7.565082 7.846456 8.294257 8.782724 9.353578 9.921947 10.34123 10.5877 10.62581 10.51334 10.30334 10.10389 9.888398 9.703761 9.553076 9.340265 9.054166 8.685274 8.245706 7.750506
-6.51239 -6.419443 -6.279718 -6.1324 -5.969178 -5.786844 -5.587098 -5.361928 -5.109344 -4.823818 -4.495841 -4.123372 -3.703826 -3.240048 -2.711937 -2.102304 -1.418285 -0.6704194 0.1892717 1.097652 2.08767 3.244988 4.424732 5.476819 6.356753 7.071145 7.637382 8.076471 8.414678 8.658205 8.800733 8.835943 8.733678 8.494573 8.178758 7.746529 7.341214 7.118274 7.075905 7.184937 7.401733 7.729901 8.180352 8.669136 9.197185 9.690937 10.03697 10.23772 10.23669 10.10859 9.927986 9.704684 9.482595 9.314651 9.185144 9.012669 8.771659 8.443481 8.029975 7.568073
-6.692629 -6.620481 -6.512163 -6.393806 -6.265601 -6.128858 -5.955628 -5.748192 -5.526003 -5.273862 -4.980903 -4.654383 -4.284594 -3.860513 -3.348667 -2.730068 -2.019015 -1.248246 -0.4107614 0.4785964 1.479325 2.645645 3.875173 4.923869 5.788934 6.492468 7.04904 7.500776 7.869324 8.16093 8.365514 8.468121 8.4446 8.304219 8.077417 7.708904 7.263321 7.009739 6.95292 7.055815 7.291584 7.655577 8.090405 8.556593 9.007663 9.404949 9.688896 9.813784 9.77992 9.676484 9.570381 9.341236 9.108767 8.93325 8.804405 8.665976 8.469033 8.181431 7.798562 7.368774
-6.80817 -6.763142 -6.683196 -6.594437 -6.492106 -6.438813 -6.283045 -6.069718 -5.873313 -5.653022 -5.405177 -5.138145 -4.850878 -4.444497 -3.948759 -3.327792 -2.587526 -1.78076 -1.004452 -0.1050341 0.9716596 2.243407 3.364579 4.344848 5.172382 5.842386 6.383863 6.843625 7.241089 7.583547 7.859275 8.031989 8.093477 8.057401 7.927447 7.62293 7.186481 6.939972 6.884836 6.992495 7.223493 7.57075 7.982926 8.392547 8.780024 9.106358 9.324713 9.343163 9.320091 9.264114 9.166813 8.959682 8.73489 8.568166 8.470879 8.323863 8.147648 7.88857 7.543691 7.144782
-6.886429 -6.856481 -6.799017 -6.741087 -6.694752 -6.664454 -6.547038 -6.375342 -6.205449 -5.988954 -5.798366 -5.582469 -5.274774 -4.881248 -4.406233 -3.829538 -3.156952 -2.390034 -1.532692 -0.5894063 0.5163072 1.760959 2.820069 3.731087 4.494939 5.125514 5.649947 6.111109 6.534041 6.925398 7.265735 7.524461 7.68446 7.746032 7.700307 7.459322 7.134387 6.906171 6.877292 6.981968 7.200425 7.514628 7.869092 8.222613 8.544026 8.774905 8.868437 8.910506 8.933695 8.908025 8.790014 8.563358 8.356136 8.199722 8.080347 7.965778 7.813268 7.574328 7.255367 6.878315
-6.930297 -6.906039 -6.87315 -6.851104 -6.843165 -6.827341 -6.749468 -6.627652 -6.487339 -6.306868 -6.127902 -5.914915 -5.615662 -5.244136 -4.789874 -4.24154 -3.589826 -2.8232 -1.948046 -0.9835656 0.08473563 1.209981 2.22675 3.071187 3.761356 4.353085 4.856032 5.316505 5.758351 6.186462 6.580634 6.913852 7.162067 7.323004 7.375295 7.245853 7.03088 6.876961 6.880469 6.990854 7.187944 7.455738 7.755407 8.048382 8.295236 8.446559 8.493363 8.549768 8.60221 8.566726 8.386944 8.185669 7.988204 7.823012 7.699872 7.588669 7.445702 7.226384 6.927977 6.575484
-6.974288 -6.955961 -6.943237 -6.946823 -6.95642 -6.945238 -6.894506 -6.812419 -6.703707 -6.56184 -6.390833 -6.18137 -5.908015 -5.56802 -5.14006 -4.608101 -3.961304 -3.192363 -2.316004 -1.363748 -0.3587275 0.6605471 1.594165 2.344582 2.939552 3.485802 3.995544 4.470336 4.926757 5.379771 5.812755 6.204158 6.529042 6.785254 6.95429 6.953636 6.865849 6.808397 6.867369 6.993036 7.169775 7.389089 7.631216 7.873971 8.069725 8.182863 8.209419 8.281993 8.323724 8.252366 8.035413 7.828719 7.618021 7.436316 7.305759 7.186159 7.042316 6.836372 6.560085 6.231268
-7.021039 -7.011159 -7.013943 -7.034438 -7.040534 -7.028518 -6.996934 -6.939712 -6.8551 -6.742845 -6.601216 -6.417529 -6.178277 -5.872448 -5.473446 -4.964551 -4.330057 -3.567717 -2.700816 -1.772308 -0.8268036 0.09610767 0.9252988 1.578343 2.072319 2.553783 3.082559 3.553848 4.013102 4.493848 4.980052 5.431526 5.825635 6.172471 6.455691 6.596562 6.644392 6.693568 6.830903 6.978833 7.145804 7.325201 7.515529 7.721426 7.885275 7.988676 8.033751 8.104689 8.094475 7.955917 7.767279 7.486217 7.245274 7.049539 6.8989 6.765287 6.616159 6.417104 6.159182 5.847587
-7.033882 -7.038457 -7.049406 -7.06756 -7.087193 -7.095796 -7.083045 -7.047545 -6.98805 -6.903316 -6.790062 -6.637052 -6.430936 -6.159937 -5.796083 -5.3206 -4.713641 -3.973531 -3.130432 -2.234898 -1.344624 -0.5198961 0.2077187 0.8059326 1.296885 1.733151 2.162549 2.580215 3.010745 3.504861 4.113663 4.640301 5.094603 5.52053 5.905834 6.187088 6.383835 6.547491 6.758263 6.945149 7.119323 7.289277 7.471477 7.618023 7.741224 7.832191 7.894439 7.952563 7.912634 7.738631 7.447741 7.167753 6.931716 6.719962 6.536951 6.372644 6.206774 6.003418 5.744222 5.445752
-7.067366 -7.070237 -7.084069 -7.107301 -7.136077 -7.157284 -7.160309 -7.142413 -7.104161 -7.047517 -6.963289 -6.84137 -6.66982 -6.437275 -6.115798 -5.68295 -5.116926 -4.414018 -3.609415 -2.754327 -1.910434 -1.134845 -0.4576359 0.1172849 0.6045418 1.032468 1.429595 1.816804 2.222594 2.692505 3.310581 3.884246 4.385321 4.873335 5.36256 5.805435 6.173587 6.470542 6.695649 6.912474 7.110604 7.297792 7.467696 7.590329 7.689537 7.766673 7.820881 7.85833 7.777862 7.570447 7.304836 7.044946 6.784421 6.52009 6.267047 6.052286 5.881361 5.662495 5.367371 5.059984
-7.121323 -7.121397 -7.135347 -7.159946 -7.191257 -7.219145 -7.232376 -7.228938 -7.210494 -7.178467 -7.122551 -7.032003 -6.896512 -6.70486 -6.429948 -6.047961 -5.53428 -4.883233 -4.128127 -3.317589 -2.50954 -1.754424 -1.084916 -0.5049752 -0.002349597 0.4424448 0.8470433 1.230183 1.61126 2.03163 2.587273 3.157367 3.695806 4.240899 4.811296 5.370887 5.884281 6.320906 6.639213 6.912106 7.161803 7.381962 7.524343 7.645411 7.732452 7.783618 7.822874 7.827986 7.708304 7.491484 7.25275 7.011774 6.730102 6.423083 6.122006 5.857211 5.645176 5.383963 5.054329 4.756484
-7.20602 -7.199847 -7.20731 -7.225857 -7.253003 -7.280317 -7.29876 -7.306754 -7.306016 -7.294683 -7.264115 -7.204613 -7.105948 -6.956162 -6.729727 -6.405871 -5.956179 -5.370076 -4.673879 -3.912112 -3.131474 -2.379674 -1.692966 -1.080893 -0.5392416 -0.06007381 0.37138 0.7596696 1.125133 1.496433 1.944438 2.470305 3.017083 3.584445 4.216727 4.859374 5.476682 6.032107 6.520977 6.87883 7.206441 7.488262 7.601751 7.745205 7.830445 7.859663 7.915304 7.849759 7.703093 7.483563 7.24827 6.994482 6.703041 6.387618 6.081454 5.773341 5.497047 5.188548 4.832351 4.53834
-7.313649 -7.302068 -7.2985 -7.305973 -7.322334 -7.342886 -7.360562 -7.374716 -7.385809 -7.390257 -7.381628 -7.351612 -7.288768 -7.182111 -7.006205 -6.742675 -6.360648 -5.847107 -5.224078 -4.520334 -3.770853 -3.013739 -2.293926 -1.624729 -1.020591 -0.4842719 -0.01887954 0.3833332 0.738723 1.076687 1.434095 1.888779 2.390701 2.911174 3.546314 4.279239 4.990717 5.634885 6.197433 6.675517 7.071388 7.392349 7.620441 7.796771 7.898027 7.942409 7.952526 7.886079 7.74263 7.538867 7.296191 7.037869 6.719431 6.38177 6.063934 5.734699 5.418649 5.084148 4.724895 4.36521
