grl-sup-YiLi.grd
DSAA
100 93
2.38 37705.16001
0.4099999999 35126.28
-16.225916063273 14.426127849246
[rows 52 to 77 of 93, columns 0 to 59 of 100]
-10.38988 -10.13272 -9.825053 -9.539389 -9.274723 -9.031956 -8.803324 -8.577183 -8.338863 -8.081632 -7.814136 -7.556392 -7.335905 -7.185738 -7.11972 -7.140488 -7.238373 -7.396564 -7.590787 -7.801456 -8.005411 -8.183659 -8.334311 -8.466592 -8.592923 -8.722758 -8.859385 -8.993683 -9.10562 -9.165325 -9.137675 -8.986563 -8.681759 -8.214386 -7.607767 -6.905305 -6.14686 -5.384638 -4.679328 -4.067773 -3.572522 -3.182545 -2.879652 -2.636164 -2.430177 -2.243901 -2.060039 -1.857112 -1.619909 -1.343343 -1.041007 -0.7374377 -0.4665245 -0.2483637 -0.08234324 0.03843442 0.1196857 0.1661531 0.1775849 0.1606703
-10.33893 -10.07555 -9.763608 -9.475231 -9.209451 -8.964055 -8.730229 -8.495654 -8.24282 -7.967107 -7.676757 -7.392132 -7.137005 -6.95625 -6.869023 -6.87661 -6.971523 -7.147099 -7.371858 -7.621098 -7.86594 -8.081388 -8.264553 -8.422043 -8.565042 -8.704526 -8.845206 -8.97581 -9.079105 -9.133241 -9.110314 -8.976006 -8.701557 -8.276303 -7.702606 -7.017316 -6.26723 -5.513201 -4.811125 -4.211281 -3.728426 -3.357422 -3.0796 -2.866068 -2.693412 -2.542489 -2.395805 -2.232977 -2.031895 -1.785404 -1.49552 -1.187779 -0.8941661 -0.6409296 -0.4334579 -0.2693858 -0.1409963 -0.05148072 -0.006009119 0.0001131202
-10.29036 -9.996726 -9.678007 -9.387121 -9.119891 -8.871413 -8.633786 -8.39292 -8.1347 -7.85196 -7.550751 -7.249584 -6.975452 -6.760397 -6.633655 -6.612364 -6.698099 -6.877545 -7.129754 -7.415585 -7.701431 -7.956418 -8.171619 -8.356862 -8.518727 -8.669623 -8.808278 -8.926884 -9.014618 -9.057715 -9.033378 -8.913036 -8.671806 -8.28903 -7.76431 -7.124781 -6.410471 -5.681701 -5.013536 -4.418697 -3.938751 -3.579124 -3.314323 -3.118224 -2.96332 -2.832438 -2.708343 -2.570434 -2.398888 -2.184259 -1.917155 -1.619669 -1.320406 -1.044529 -0.8036428 -0.5985198 -0.4225364 -0.2881668 -0.1997203 -0.1632931
-10.1769 -9.889299 -9.566168 -9.272437 -9.002361 -8.752704 -8.51442 -8.274502 -8.019146 -7.733978 -7.422712 -7.107606 -6.808504 -6.555278 -6.382455 -6.327145 -6.395436 -6.589603 -6.864664 -7.181158 -7.503056 -7.800142 -8.054461 -8.270332 -8.454105 -8.612101 -8.744988 -8.850939 -8.924031 -8.955615 -8.931041 -8.829581 -8.625041 -8.296358 -7.834828 -7.253369 -6.592649 -5.904081 -5.252918 -4.682596 -4.215704 -3.853178 -3.586947 -3.388811 -3.235172 -3.107417 -2.988805 -2.862651 -2.710052 -2.520054 -2.280482 -2.001852 -1.718123 -1.445864 -1.191507 -0.9535417 -0.7378901 -0.5566913 -0.4231843 -0.3473911
-10.04617 -9.756124 -9.428453 -9.129639 -8.855098 -8.60191 -8.361091 -8.120294 -7.866113 -7.583273 -7.274003 -6.960084 -6.658651 -6.378042 -6.154076 -6.05434 -6.106721 -6.29424 -6.578497 -6.917548 -7.270966 -7.605733 -7.903554 -8.154083 -8.359079 -8.524226 -8.653355 -8.751821 -8.817662 -8.846711 -8.828913 -8.75004 -8.586651 -8.315653 -7.921982 -7.411713 -6.816365 -6.181921 -5.566835 -5.012644 -4.547317 -4.178249 -3.892715 -3.67636 -3.507555 -3.368234 -3.242326 -3.114612 -2.967183 -2.788972 -2.569648 -2.317679 -2.058805 -1.805855 -1.561112 -1.318845 -1.082256 -0.8677417 -0.6939516 -0.572605
-9.902196 -9.600822 -9.263992 -8.957676 -8.675214 -8.414193 -8.167326 -7.922777 -7.66706 -7.387713 -7.081744 -6.769038 -6.465294 -6.165815 -5.91343 -5.783343 -5.810757 -5.981827 -6.265249 -6.618667 -6.999589 -7.37158 -7.709434 -7.993863 -8.221705 -8.398315 -8.531698 -8.632841 -8.703276 -8.741716 -8.741679 -8.692027 -8.571995 -8.358422 -8.0349 -7.597594 -7.072278 -6.497443 -5.922533 -5.388838 -4.92009 -4.529294 -4.219822 -3.97576 -3.780577 -3.618757 -3.474672 -3.332097 -3.175211 -2.994577 -2.786534 -2.558049 -2.326554 -2.101464 -1.881368 -1.652718 -1.418362 -1.194516 -0.9994222 -0.8471814
-9.74255 -9.427035 -9.07476 -8.755117 -8.457339 -8.179819 -7.918155 -7.664221 -7.406549 -7.127447 -6.821793 -6.500812 -6.179664 -5.87393 -5.624617 -5.486425 -5.491328 -5.644592 -5.918706 -6.27642 -6.679288 -7.085624 -7.457741 -7.77413 -8.029365 -8.226816 -8.375799 -8.49379 -8.582678 -8.64283 -8.673184 -8.659133 -8.58271 -8.424022 -8.163948 -7.795144 -7.337006 -6.819751 -6.285209 -5.769033 -5.299098 -4.889159 -4.550426 -4.275607 -4.05059 -3.860128 -3.691108 -3.524279 -3.345988 -3.14954 -2.937812 -2.719154 -2.509246 -2.313418 -2.127952 -1.923291 -1.706767 -1.493312 -1.300773 -1.133651
-9.572851 -9.239523 -8.864412 -8.519722 -8.190596 -7.882544 -7.594736 -7.321506 -7.055187 -6.771183 -6.469075 -6.147471 -5.821936 -5.52533 -5.279258 -5.142531 -5.13621 -5.269437 -5.529166 -5.883504 -6.295527 -6.725212 -7.124562 -7.475602 -7.76429 -7.992783 -8.176584 -8.328341 -8.451721 -8.547358 -8.613401 -8.636467 -8.60171 -8.492534 -8.283665 -7.973793 -7.572068 -7.106733 -6.610714 -6.114139 -5.645995 -5.225673 -4.863285 -4.560177 -4.306926 -4.089814 -3.891246 -3.693486 -3.48462 -3.262283 -3.032435 -2.808711 -2.607521 -2.431627 -2.270746 -2.098095 -1.90217 -1.70738 -1.526777 -1.367849
-9.37472 -9.034454 -8.629638 -8.241667 -7.870506 -7.513195 -7.180834 -6.875541 -6.586941 -6.296153 -5.99298 -5.676353 -5.360502 -5.078243 -4.850067 -4.718408 -4.709152 -4.829426 -5.076377 -5.422858 -5.836908 -6.276501 -6.698675 -7.084317 -7.417993 -7.694601 -7.926217 -8.124433 -8.290538 -8.424867 -8.525164 -8.583229 -8.584148 -8.514531 -8.354241 -8.089042 -7.733139 -7.310444 -6.852019 -6.383294 -5.928215 -5.505734 -5.129701 -4.805468 -4.529511 -4.288148 -4.060801 -3.830017 -3.586229 -3.33026 -3.07431 -2.834899 -2.628997 -2.458691 -2.308669 -2.154066 -1.982827 -1.806755 -1.641697 -1.50326
-9.175154 -8.811328 -8.371988 -7.934524 -7.495951 -7.065867 -6.66639 -6.307433 -5.982146 -5.675084 -5.366263 -5.059115 -4.762381 -4.499853 -4.293769 -4.181048 -4.182703 -4.305202 -4.542774 -4.879789 -5.290413 -5.736318 -6.180994 -6.602678 -6.986106 -7.320378 -7.610433 -7.859426 -8.068515 -8.236289 -8.370864 -8.459904 -8.49148 -8.453452 -8.327654 -8.103028 -7.790527 -7.409783 -6.98858 -6.550746 -6.116201 -5.702859 -5.32321 -4.987389 -4.695652 -4.434596 -4.181873 -3.918088 -3.639767 -3.348908 -3.061686 -2.799211 -2.579474 -2.40492 -2.260102 -2.11599 -1.95981 -1.799453 -1.651928 -1.532571
-8.956645 -8.555558 -8.077643 -7.582144 -7.057232 -6.53398 -6.044812 -5.607972 -5.228102 -4.885517 -4.560545 -4.259249 -3.991192 -3.747976 -3.576414 -3.499503 -3.527423 -3.662593 -3.902518 -4.234708 -4.641523 -5.095909 -5.56284 -6.021765 -6.456376 -6.853093 -7.202333 -7.49503 -7.742846 -7.942733 -8.115079 -8.235778 -8.29618 -8.284433 -8.184642 -7.99858 -7.726526 -7.388398 -7.004398 -6.603247 -6.194606 -5.799149 -5.427005 -5.089228 -4.790075 -4.514527 -4.238751 -3.946239 -3.637034 -3.312844 -2.994312 -2.705 -2.466795 -2.281808 -2.136788 -1.999376 -1.857847 -1.715536 -1.587969 -1.493468
-8.697501 -8.254893 -7.722205 -7.158071 -6.543175 -5.913389 -5.313471 -4.774568 -4.312575 -3.911623 -3.559319 -3.253412 -2.998936 -2.790078 -2.665844 -2.636735 -2.708879 -2.87622 -3.128808 -3.466063 -3.873954 -4.334555 -4.82453 -5.319225 -5.799495 -6.263564 -6.656274 -6.969402 -7.242017 -7.504057 -7.716375 -7.878543 -7.975062 -7.994179 -7.923112 -7.76672 -7.528357 -7.230349 -6.89221 -6.530561 -6.158164 -5.789289 -5.435942 -5.107942 -4.811623 -4.527509 -4.226032 -3.915512 -3.580136 -3.224562 -2.875467 -2.560778 -2.304419 -2.109335 -1.963728 -1.83871 -1.71503 -1.596203 -1.493578 -1.42903
-8.360713 -7.874105 -7.278923 -6.638133 -5.931269 -5.190765 -4.47131 -3.813719 -3.246214 -2.770855 -2.372979 -2.045571 -1.790471 -1.614001 -1.536433 -1.560941 -1.685428 -1.895381 -2.179632 -2.533257 -2.9519 -3.420019 -3.931496 -4.461769 -4.980617 -5.444139 -5.855457 -6.20971 -6.537864 -6.859656 -7.143402 -7.361299 -7.502855 -7.562838 -7.522896 -7.401455 -7.204033 -6.952715 -6.659292 -6.345649 -6.017898 -5.683721 -5.361642 -5.056117 -4.771104 -4.483964 -4.170485 -3.840033 -3.478652 -3.095734 -2.720289 -2.383748 -2.112694 -1.913628 -1.774131 -1.666708 -1.569344 -1.48094 -1.412689 -1.375847
-7.930753 -7.388898 -6.727761 -6.006182 -5.205483 -4.360789 -3.525717 -2.749562 -2.071034 -1.504286 -1.037483 -0.6664767 -0.3955864 -0.2358612 -0.196622 -0.2706011 -0.4450623 -0.7003592 -1.013514 -1.384486 -1.815821 -2.295152 -2.819434 -3.360369 -3.886866 -4.364431 -4.789777 -5.183827 -5.579497 -5.977835 -6.348426 -6.652761 -6.864224 -6.970944 -6.979554 -6.908307 -6.761746 -6.55725 -6.318422 -6.058549 -5.783775 -5.49883 -5.217745 -4.945043 -4.680116 -4.400022 -4.081403 -3.736467 -3.353199 -2.94623 -2.548352 -2.1949 -1.914561 -1.716671 -1.590213 -1.507092 -1.442239 -1.390055 -1.357569 -1.352328
-7.408495 -6.795065 -6.062026 -5.259839 -4.375072 -3.435246 -2.495062 -1.609727 -0.8205339 -0.1548623 0.3967655 0.8301058 1.130898 1.287087 1.303087 1.192145 0.9774189 0.6930037 0.3632348 -0.01323856 -0.4441117 -0.9307025 -1.444778 -1.965675 -2.483899 -2.969602 -3.409146 -3.850244 -4.334569 -4.840441 -5.320008 -5.732021 -6.036278 -6.213025 -6.293118 -6.28717 -6.204073 -6.059875 -5.88327 -5.684385 -5.474123 -5.251694 -5.020074 -4.787908 -4.550374 -4.286556 -3.971236 -3.618886 -3.219656 -2.793952 -2.37916 -2.013918 -1.730577 -1.538593 -1.430251 -1.374937 -1.345464 -1.332469 -1.337063 -1.362276
-6.807871 -6.100112 -5.291264 -4.413896 -3.450177 -2.426628 -1.398795 -0.4202238 0.4683539 1.230356 1.873238 2.380445 2.713097 2.871402 2.870781 2.738363 2.506533 2.22503 1.898341 1.529042 1.112944 0.6436727 0.1816477 -0.2988648 -0.781082 -1.244168 -1.699144 -2.202145 -2.789639 -3.458597 -4.065999 -4.597835 -5.016672 -5.30264 -5.47848 -5.554545 -5.546984 -5.474006 -5.366837 -5.244411 -5.112169 -4.965408 -4.793364 -4.6157 -4.410171 -4.159391 -3.857453 -3.49284 -3.085534 -2.651642 -2.2278 -1.860908 -1.582115 -1.400542 -1.307778 -1.280048 -1.28348 -1.307595 -1.348583 -1.405474
-6.066397 -5.320269 -4.431173 -3.474991 -2.437238 -1.34511 -0.2472237 0.8044571 1.769379 2.61837 3.335544 3.889176 4.244832 4.412897 4.348272 4.206852 4.042539 3.80899 3.500976 3.151662 2.768868 2.346223 1.908157 1.481975 1.068788 0.6508722 0.1959776 -0.344329 -1.00854 -1.778634 -2.557833 -3.268039 -3.862772 -4.311629 -4.57975 -4.747414 -4.828252 -4.837413 -4.79918 -4.766596 -4.723923 -4.665015 -4.608797 -4.493088 -4.320949 -4.076858 -3.737776 -3.366361 -2.953591 -2.523512 -2.108777 -1.751253 -1.484063 -1.31771 -1.242336 -1.232468 -1.260362 -1.313472 -1.386375 -1.471262
-5.307348 -4.48368 -3.510476 -2.473086 -1.361286 -0.2066028 0.945643 2.047716 3.063235 3.967176 4.723186 5.294515 5.647883 5.800518 5.702738 5.574456 5.461673 5.28524 5.019689 4.701347 4.345078 3.948687 3.557362 3.187453 2.837468 2.484777 2.084061 1.545395 0.8309515 -0.02523354 -0.9313385 -1.798819 -2.556474 -3.149051 -3.564818 -3.850224 -4.041415 -4.165855 -4.252759 -4.333161 -4.39795 -4.437535 -4.444047 -4.377929 -4.236833 -4.01139 -3.690057 -3.292969 -2.850952 -2.411921 -2.018612 -1.686221 -1.44144 -1.293245 -1.232491 -1.233828 -1.275183 -1.345999 -1.439614 -1.545256
-4.537979 -3.628781 -2.567181 -1.444056 -0.2573086 0.955961 2.143762 3.267024 4.298414 5.220483 5.972192 6.520713 6.823766 6.893526 6.819144 6.737557 6.654366 6.54551 6.344996 6.076528 5.750599 5.375514 4.996282 4.660659 4.375607 4.095017 3.780342 3.257822 2.527553 1.644243 0.6757392 -0.2817646 -1.147448 -1.861446 -2.423913 -2.842373 -3.166737 -3.434748 -3.674653 -3.885744 -4.064011 -4.19356 -4.242019 -4.207425 -4.091781 -3.896146 -3.62191 -3.226476 -2.782369 -2.345388 -1.970688 -1.667835 -1.450828 -1.321211 -1.269364 -1.273791 -1.317087 -1.392621 -1.494503 -1.608486
-3.781066 -2.78702 -1.636684 -0.4244161 0.8378829 2.091851 3.293624 4.41351 5.426052 6.327486 7.037154 7.540315 7.813578 7.706358 7.652322 7.628915 7.59192 7.55186 7.451795 7.247182 6.951711 6.607647 6.166199 5.820691 5.605262 5.376914 5.154943 4.610057 3.899025 3.105051 2.149357 1.184564 0.2760734 -0.5225184 -1.185378 -1.731546 -2.197223 -2.615118 -3.00075 -3.3401 -3.62857 -3.842087 -3.94462 -3.944867 -3.855656 -3.680621 -3.428886 -3.107129 -2.730473 -2.34641 -1.972656 -1.708605 -1.51272 -1.395228 -1.345888 -1.340767 -1.370112 -1.437421 -1.535515 -1.646353
-3.070446 -1.993294 -0.757751 0.5410863 1.875805 3.140599 4.330338 5.424202 6.400613 7.222189 7.866965 8.303978 8.493859 8.366427 8.300951 8.313783 8.357986 8.403512 8.379744 8.230021 7.930767 7.625588 7.129922 6.724336 6.483471 6.330316 6.152233 5.600644 4.911607 4.254945 3.419315 2.5283 1.638178 0.8081195 0.07725517 -0.5678344 -1.15798 -1.710835 -2.224742 -2.703322 -3.104338 -3.396904 -3.55808 -3.609017 -3.565621 -3.432942 -3.216215 -2.950727 -2.653874 -2.354383 -2.084979 -1.846511 -1.640864 -1.51191 -1.47692 -1.421704 -1.423813 -1.467103 -1.550262 -1.673628
-2.390598 -1.258254 0.05190898 1.429336 2.823185 4.099548 5.230202 6.274113 7.164595 7.905199 8.487897 8.823722 8.876447 8.825212 8.84077 8.900322 8.96553 9.041081 9.057051 8.971244 8.75943 8.40597 7.94018 7.538337 7.295726 7.141648 6.86427 6.375722 5.7473 5.061695 4.410916 3.700121 2.917874 2.118075 1.347353 0.6270494 -0.07025266 -0.7436125 -1.374784 -1.965943 -2.468176 -2.842942 -3.084654 -3.213002 -3.230525 -3.146219 -2.994591 -2.802135 -2.5882 -2.372549 -2.173235 -1.99296 -1.819077 -1.695795 -1.637582 -1.566875 -1.529437 -1.532768 -1.578348 -1.636692
-1.784789 -0.6040367 0.764102 2.194376 3.607192 4.813673 5.873809 6.865036 7.708992 8.404911 8.94775 9.237852 9.245584 9.299773 9.373641 9.425477 9.48547 9.589018 9.62183 9.578243 9.412369 9.002421 8.555017 8.186049 7.947717 7.801473 7.495657 7.059973 6.490887 5.821208 5.31469 4.767169 4.098927 3.354387 2.593778 1.834003 1.0605 0.291692 -0.4423347 -1.131174 -1.723973 -2.188414 -2.511779 -2.72198 -2.817221 -2.811931 -2.752593 -2.65474 -2.529035 -2.387429 -2.246931 -2.115667 -1.984156 -1.867693 -1.765974 -1.665756 -1.587932 -1.535141 -1.508017 -1.470066
-1.204897 0.01022563 1.369867 2.78365 4.177189 5.238857 6.234859 7.155157 8.029879 8.701719 9.231699 9.598034 9.739113 9.836371 9.870679 9.877201 9.946905 10.05949 10.06406 10.01055 9.859994 9.409571 8.960485 8.618672 8.371969 8.178478 7.998538 7.602938 7.109324 6.597472 6.144662 5.673882 5.074189 4.38157 3.682585 2.905666 2.108177 1.324413 0.5029703 -0.2497583 -0.9006996 -1.440779 -1.833936 -2.1098 -2.297687 -2.411023 -2.465087 -2.478782 -2.446621 -2.37964 -2.302378 -2.202206 -2.080717 -1.947234 -1.808793 -1.668263 -1.534985 -1.414538 -1.298621 -1.157815
-0.4391999 0.6201311 1.89324 3.154384 4.360466 5.418244 6.364085 7.278618 8.111658 8.744503 9.272406 9.692885 9.930549 10.0641 10.12531 10.17816 10.23454 10.28207 10.28698 10.2102 10.00387 9.675759 9.308518 8.978682 8.733572 8.504751 8.278026 7.942229 7.519656 7.076306 6.64908 6.18819 5.640973 4.994162 4.325979 3.603591 2.844805 2.063011 1.284697 0.5786094 -0.07787125 -0.6158306 -1.043719 -1.392095 -1.679528 -1.916335 -2.095282 -2.224496 -2.293279 -2.311865 -2.303589 -2.238301 -2.126245 -1.981151 -1.813054 -1.629675 -1.440748 -1.247339 -1.038505 -0.7909521
0.1524236 1.137098 2.330856 3.422094 4.551926 5.507194 6.383796 7.204078 7.99779 8.673643 9.198558 9.589872 9.993839 10.14026 10.25776 10.32853 10.3581 10.40442 10.394 10.29777 10.10771 9.838452 9.528814 9.243171 8.998434 8.754871 8.505974 8.175224 7.819489 7.416176 7.00232 6.553265 6.051605 5.441667 4.835991 4.155028 3.42529 2.711594 2.045798 1.3559 0.735789 0.2140767 -0.2004795 -0.5801474 -0.9426422 -1.293029 -1.600274 -1.854751 -2.03317 -2.153695 -2.226743 -2.207645 -2.125116 -1.990245 -1.808772 -1.596313 -1.362081 -1.102897 -0.8066975 -0.4676022
